100 100
100 
100 
100 
35 64 
37 47 
30 2 45 
33 43 
27 1 38 
25 2 37 
23 2 3 28 
22 1 26 
21 25 
19 26 
21 27 
21 26 
18 1 26 
17 25 
15 2 22 
13 1 22 
16 22 
17 21 
15 21 
14 21 
15 18 
14 1 19 
15 18 
15 17 
16 16 
11 3 6 15 
9 2 9 15 
9 2 10 14 
8 4 10 14 
6 4 10 13 
5 4 8 1 12 
10 11 1 12 
9 1 10 1 2 9 
8 1 2 13 12 
10 3 11 4 11 
10 1 13 11 
9 2 1 12 11 
9 2 1 4 12 10 
8 4 4 12 11 
7 2 4 10 11 
6 5 1 6 10 11 
13 1 6 10 3 10 
3 6 1 6 9 8 10 
3 5 1 1 3 10 11 3 5 
3 4 2 6 9 11 4 6 
4 1 7 10 11 7 1 6 
5 2 1 10 9 10 10 3 5 
6 11 1 9 12 11 4 4 
2 5 12 10 2 9 11 2 1 8 
7 12 10 1 5 6 5 1 3 9 
4 1 10 12 6 2 4 6 2 1 1 2 9 
2 3 10 11 6 2 5 5 2 1 11 
6 9 11 6 8 1 10 1 11 
6 9 6 7 3 5 3 1 11 
6 11 7 4 1 4 2 4 1 8 
6 19 1 6 3 1 1 1 7 2 8 
5 20 4 3 1 5 1 2 8 
4 3 2 19 1 4 6 11 
11 1 19 5 5 2 6 11 
11 1 19 5 1 7 10 
10 19 5 8 1 10 
10 1 20 6 8 11 
11 21 6 8 11 
10 1 21 6 8 1 9 
8 22 7 8 1 10 
9 22 7 8 1 10 
10 24 2 5 9 1 9 
9 24 3 5 9 2 9 
10 2 25 4 5 1 7 4 8 
11 1 25 13 1 1 7 3 8 
11 1 25 17 1 7 5 5 
14 27 15 1 8 12 
13 2 26 11 1 5 2 3 9 
16 26 8 1 5 1 1 9 
20 24 1 2 3 1 5 1 2 9 
21 23 2 5 1 3 9 
45 1 1 1 9 13 
45 1 1 1 1 24 
45 1 2 1 1 1 24 
47 4 2 2 3 24 
69 24 
68 2 25 
71 25 
67 2 25 
66 25 
63 26 
63 26 
54 27 
53 28 
54 29 
54 30 
55 31 
56 32 
59 33 
100 
100 
100 
100 
100 
51 2 45 
45 6 45 
48 4 6 39 
33 14 3 5 39 
32 10 4 1 2 1 40 
32 9 5 1 1 40 
31 4 4 5 1 7 32 
29 4 3 4 6 1 29 
29 3 1 1 2 1 2 1 28 
28 3 2 3 1 1 1 26 
30 1 5 1 3 26 
18 11 1 1 1 1 4 24 
18 3 1 4 2 1 25 
17 2 1 1 1 25 
17 1 1 1 1 23 
16 1 1 1 4 1 23 
15 3 1 9 23 
12 3 6 42 
12 2 1 28 22 
11 1 1 29 21 
10 52 
9 57 
9 1 3 53 
8 6 53 
8 60 
7 60 
7 59 
7 1 43 
5 1 43 
7 42 
7 1 2 1 1 1 1 47 
5 4 4 10 49 
5 72 
3 1 72 
5 72 
4 72 
4 28 1 1 36 
4 28 34 
4 27 31 
4 27 28 
4 3 10 6 1 27 
4 2 6 1 3 1 26 
4 1 2 2 4 24 
4 1 3 3 6 1 18 
4 2 4 1 4 2 1 1 18 
4 1 1 5 2 4 2 1 1 1 17 
4 1 7 7 1 17 
4 7 4 2 1 17 
4 6 1 1 19 
4 7 1 2 19 
4 7 3 4 18 
5 9 1 6 10 8 
5 6 2 7 1 1 7 6 
6 5 2 1 9 7 5 
6 9 8 7 1 8 4 
7 22 8 9 4 
8 27 1 7 4 
7 3 1 21 7 3 
7 1 18 8 3 
7 1 13 8 3 
8 6 7 3 
9 6 5 3 
10 4 2 5 3 
10 5 2 6 3 
9 8 2 6 3 
9 9 2 1 4 4 
11 10 1 1 1 1 2 5 
10 7 2 1 2 3 6 
10 5 3 2 2 7 
9 5 2 1 8 
10 5 2 1 1 9 
10 1 6 2 10 
11 4 10 12 
18 4 1 1 1 16 
19 2 21 
17 31 
20 38 
23 42 
23 44 
23 1 43 
26 18 21 
27 1 43 
28 1 1 11 2 21 
30 1 2 8 20 
32 1 20 
33 2 6 25 
37 3 1 6 23 
40 3 5 4 2 4 22 
35 10 1 12 2 4 21 
47 3 5 11 27 
47 51 
47 24 26 
46 2 23 26 
50 49 
100 
100 
100 
100 
